[bhiwadi.jpg]
filters=finetune2=1,0.198830,0.103860,0.025263,00000000,0.649123;
moddate=87459028fde8d701
width=835
height=547
textactive=0
