[ahmedabad.jpg]
filters=finetune2=1,0.152047,0.092632,0.087018,00000000,0.625731;finetune2=1,0.134503,0.000000,0.000000,00000000,0.000000;
moddate=82313b15652ed801
width=427
height=320
textactive=0
